+----------------------------------------------------------------------------------------------------------------------------------------------------------------------------------------------------------------------------------------------------------+
; Legal Partition Candidates                                                                                                                                                                                                                               ;
+-----------------------------------------------------+-------+----------------+--------------+----------------+--------+-----------------+---------------+-----------------+-------+----------------+--------------+------------------+-------------------+
; Hierarchy                                           ; Input ; Constant Input ; Unused Input ; Floating Input ; Output ; Constant Output ; Unused Output ; Floating Output ; Bidir ; Constant Bidir ; Unused Bidir ; Input only Bidir ; Output only Bidir ;
+-----------------------------------------------------+-------+----------------+--------------+----------------+--------+-----------------+---------------+-----------------+-------+----------------+--------------+------------------+-------------------+
; ds1302_test_m0|ds1302_m0|ds1302_io_m0|spi_master_m0 ; 31    ; 18             ; 0            ; 18             ; 12     ; 18              ; 18            ; 18              ; 0     ; 0              ; 0            ; 0                ; 0                 ;
; ds1302_test_m0|ds1302_m0|ds1302_io_m0               ; 28    ; 0              ; 4            ; 0              ; 12     ; 0               ; 0             ; 0               ; 1     ; 0              ; 0            ; 0                ; 0                 ;
; ds1302_test_m0|ds1302_m0                            ; 60    ; 0              ; 0            ; 0              ; 60     ; 0               ; 0             ; 0               ; 1     ; 0              ; 0            ; 0                ; 0                 ;
; ds1302_test_m0                                      ; 2     ; 0              ; 0            ; 0              ; 58     ; 0               ; 0             ; 0               ; 1     ; 0              ; 0            ; 0                ; 0                 ;
; seg_bcd_m0|seg_scan_m0                              ; 50    ; 6              ; 0            ; 6              ; 14     ; 6               ; 6             ; 6               ; 0     ; 0              ; 0            ; 0                ; 0                 ;
; seg_bcd_m0|seg_decoder_m5                           ; 4     ; 0              ; 0            ; 0              ; 7      ; 0               ; 0             ; 0               ; 0     ; 0              ; 0            ; 0                ; 0                 ;
; seg_bcd_m0|seg_decoder_m4                           ; 4     ; 0              ; 0            ; 0              ; 7      ; 0               ; 0             ; 0               ; 0     ; 0              ; 0            ; 0                ; 0                 ;
; seg_bcd_m0|seg_decoder_m3                           ; 4     ; 0              ; 0            ; 0              ; 7      ; 0               ; 0             ; 0               ; 0     ; 0              ; 0            ; 0                ; 0                 ;
; seg_bcd_m0|seg_decoder_m2                           ; 4     ; 0              ; 0            ; 0              ; 7      ; 0               ; 0             ; 0               ; 0     ; 0              ; 0            ; 0                ; 0                 ;
; seg_bcd_m0|seg_decoder_m1                           ; 4     ; 0              ; 0            ; 0              ; 7      ; 0               ; 0             ; 0               ; 0     ; 0              ; 0            ; 0                ; 0                 ;
; seg_bcd_m0|seg_decoder_m0                           ; 4     ; 0              ; 0            ; 0              ; 7      ; 0               ; 0             ; 0               ; 0     ; 0              ; 0            ; 0                ; 0                 ;
; seg_bcd_m0                                          ; 26    ; 0              ; 0            ; 0              ; 14     ; 0               ; 0             ; 0               ; 0     ; 0              ; 0            ; 0                ; 0                 ;
+-----------------------------------------------------+-------+----------------+--------------+----------------+--------+-----------------+---------------+-----------------+-------+----------------+--------------+------------------+-------------------+
